[ 3.85409506  3.97497725  3.71415843  3.16212706 11.1364618   6.62571671
  4.63467922  3.30452078 20.87079053  9.71793318  5.74910996  3.62833192
 34.49836347 14.09515589  7.51125193  4.35172898][ 3.85409506  3.97497725  3.71415843  3.16212706 11.1364618   6.62571671
  4.63467922  3.30452078 20.87079053  9.71793318  5.74910996  3.62833192
 34.49836347 14.09515589  7.51125193  4.35172898][ 3.85409506  3.97497725  3.71415843  3.16212706 11.1364618   6.62571671
  4.63467922  3.30452078 20.87079053  9.71793318  5.74910996  3.62833192
 34.49836347 14.09515589  7.51125193  4.35172898][ 3.85409506  3.97497725  3.71415843  3.16212706 11.1364618   6.62571671
  4.63467922  3.30452078 20.87079053  9.71793318  5.74910996  3.62833192
 34.49836347 14.09515589  7.51125193  4.35172898][ 3.85409506  3.97497725  3.71415843  3.16212706 11.1364618   6.62571671
  4.63467922  3.30452078 20.87079053  9.71793318  5.74910996  3.62833192
 34.49836347 14.09515589  7.51125193  4.35172898][ 3.85409506  3.97497725  3.71415843  3.16212706 11.1364618   6.62571671
  4.63467922  3.30452078 20.87079053  9.71793318  5.74910996  3.62833192
 34.49836347 14.09515589  7.51125193  4.35172898][ 3.85409506  3.97497725  3.71415843  3.16212706 11.1364618   6.62571671
  4.63467922  3.30452078 20.87079053  9.71793318  5.74910996  3.62833192
 34.49836347 14.09515589  7.51125193  4.35172898][ 3.85409506  3.97497725  3.71415843  3.16212706 11.1364618   6.62571671
  4.63467922  3.30452078 20.87079053  9.71793318  5.74910996  3.62833192
 34.49836347 14.09515589  7.51125193  4.35172898][ 3.85409506  3.97497725  3.71415843  3.16212706 11.1364618   6.62571671
  4.63467922  3.30452078 20.87079053  9.71793318  5.74910996  3.62833192
 34.49836347 14.09515589  7.51125193  4.35172898][ 3.85409506  3.97497725  3.71415843  3.16212706 11.1364618   6.62571671
  4.63467922  3.30452078 20.87079053  9.71793318  5.74910996  3.62833192
 34.49836347 14.09515589  7.51125193  4.35172898][ 3.85409506  3.97497725  3.71415843  3.16212706 11.1364618   6.62571671
  4.63467922  3.30452078 20.87079053  9.71793318  5.74910996  3.62833192
 34.49836347 14.09515589  7.51125193  4.35172898][ 3.85409506  3.97497725  3.71415843  3.16212706 11.1364618   6.62571671
  4.63467922  3.30452078 20.87079053  9.71793318  5.74910996  3.62833192
 34.49836347 14.09515589  7.51125193  4.35172898][ 3.85409506  3.97497725  3.71415843  3.16212706 11.1364618   6.62571671
  4.63467922  3.30452078 20.87079053  9.71793318  5.74910996  3.62833192
 34.49836347 14.09515589  7.51125193  4.35172898][ 3.85409506  3.97497725  3.71415843  3.16212706 11.1364618   6.62571671
  4.63467922  3.30452078 20.87079053  9.71793318  5.74910996  3.62833192
 34.49836347 14.09515589  7.51125193  4.35172898][ 3.85409506  3.97497725  3.71415843  3.16212706 11.1364618   6.62571671
  4.63467922  3.30452078 20.87079053  9.71793318  5.74910996  3.62833192
 34.49836347 14.09515589  7.51125193  4.35172898][ 3.85409506  3.97497725  3.71415843  3.16212706 11.1364618   6.62571671
  4.63467922  3.30452078 20.87079053  9.71793318  5.74910996  3.62833192
 34.49836347 14.09515589  7.51125193  4.35172898]